4 4 4 3 2
50 100 150 200 
5 10 15 20 
0.35 0.6 1.2 1.4 
0.004 0.005 0.007 
0 0.005 
3.21247 15.7711
3.21252 15.7743
3.2175 15.7234
3.21756 15.7274
3.22767 15.6287
3.22775 15.6342
3.20418 15.851
3.20421 15.8529
3.20707 15.823
3.20711 15.8253
3.21289 15.7671
3.21294 15.7704
3.19844 15.9073
3.19846 15.9082
3.19987 15.8932
3.19989 15.8944
3.20274 15.8651
3.20277 15.8667
3.19763 15.9153
3.19764 15.9161
3.19885 15.9032
3.19887 15.9043
3.20131 15.8791
3.20133 15.8805
3.21247 31.5422
3.21256 31.5461
3.2175 31.4469
3.21761 31.4517
3.22767 31.2573
3.22783 31.264
3.20418 31.702
3.20424 31.7043
3.20707 31.646
3.20714 31.6488
3.21289 31.5343
3.21298 31.5382
3.19844 31.8145
3.19847 31.8157
3.19987 31.7864
3.19991 31.7878
3.20274 31.7301
3.20279 31.7321
3.19763 31.8306
3.19765 31.8316
3.19885 31.8065
3.19888 31.8077
3.20131 31.7582
3.20135 31.7599
3.21247 47.3133
3.21261 47.3183
3.2175 47.1703
3.21767 47.1765
3.22767 46.886
3.22791 46.8946
3.20418 47.553
3.20426 47.556
3.20707 47.469
3.20717 47.4726
3.21289 47.3014
3.21303 47.3065
3.19844 47.7218
3.19848 47.7233
3.19987 47.6795
3.19992 47.6814
3.20274 47.5952
3.20281 47.5977
3.19763 47.746
3.19766 47.7472
3.19885 47.7097
3.19889 47.7113
3.20131 47.6373
3.20137 47.6395
3.21247 63.0844
3.21266 63.091
3.2175 62.8937
3.21773 62.9019
3.22767 62.5146
3.22799 62.5259
3.20418 63.4041
3.20429 63.4079
3.20707 63.292
3.20721 63.2968
3.21289 63.0685
3.21308 63.0752
3.19844 63.6291
3.1985 63.631
3.19987 63.5727
3.19994 63.5752
3.20274 63.4602
3.20284 63.4636
3.19763 63.6613
3.19767 63.663
3.19885 63.613
3.19891 63.6151
3.20131 63.5164
3.20139 63.5194
4.55493 22.1921
4.55499 22.2008
4.56513 22.0975
4.56521 22.1083
4.58588 21.91
4.586 21.9249
4.53818 22.3511
4.53822 22.3562
4.54401 22.2953
4.54405 22.3017
4.55577 22.1842
4.55584 22.1931
4.52663 22.4633
4.52665 22.4659
4.52951 22.4352
4.52953 22.4384
4.53528 22.3791
4.53531 22.3836
4.525 22.4794
4.52501 22.4816
4.52745 22.4552
4.52747 22.458
4.53239 22.4071
4.53242 22.411
4.55493 44.3843
4.55506 44.3939
4.56513 44.195
4.56529 44.207
4.58588 43.8201
4.58611 43.8365
4.53818 44.7022
4.53825 44.7079
4.54401 44.5906
4.5441 44.5977
4.55577 44.3685
4.55591 44.3783
4.52663 44.9266
4.52667 44.9294
4.52951 44.8703
4.52955 44.8739
4.53528 44.7581
4.53535 44.7631
4.525 44.9587
4.52503 44.9612
4.52745 44.9105
4.52749 44.9136
4.53239 44.8142
4.53244 44.8185
4.55493 66.5764
4.55513 66.5876
4.56513 66.2926
4.56538 66.3064
4.58588 65.7301
4.58623 65.7492
4.53818 67.0533
4.53829 67.0599
4.54401 66.8859
4.54415 66.8941
4.55577 66.5527
4.55597 66.5641
4.52663 67.3898
4.52669 67.3932
4.52951 67.3055
4.52958 67.3097
4.53528 67.1372
4.53538 67.143
4.525 67.4381
4.52505 67.441
4.52745 67.3657
4.52752 67.3693
4.53239 67.2213
4.53247 67.2263
4.55493 88.7686
4.55519 88.7819
4.56513 88.3901
4.56546 88.4066
4.58588 87.6402
4.58634 87.6629
4.53818 89.4044
4.53833 89.4123
4.54401 89.1812
4.5442 89.191
4.55577 88.737
4.55604 88.7506
4.52663 89.8531
4.52671 89.8571
4.52951 89.7407
4.5296 89.7456
4.53528 89.5163
4.53541 89.5232
4.525 89.9174
4.52506 89.9209
4.52745 89.821
4.52754 89.8252
4.53239 89.6284
4.5325 89.6344
5.58985 27.0755
5.58993 27.0912
5.60533 26.9345
5.60543 26.9538
5.63694 26.6557
5.63708 26.6823
5.56452 27.3129
5.56457 27.3222
5.57332 27.2295
5.57338 27.241
5.59113 27.0637
5.59121 27.0797
5.54713 27.4808
5.54716 27.4855
5.55146 27.4387
5.55149 27.4446
5.56015 27.3548
5.56019 27.3629
5.54467 27.5049
5.54469 27.5089
5.54837 27.4688
5.54839 27.4738
5.55579 27.3967
5.55583 27.4037
5.58985 54.151
5.59001 54.1678
5.60533 53.8689
5.60553 53.8897
5.63694 53.3113
5.63723 53.3398
5.56452 54.6259
5.56462 54.6358
5.57332 54.459
5.57344 54.4714
5.59113 54.1274
5.5913 54.1445
5.54713 54.9617
5.54718 54.9667
5.55146 54.8775
5.55151 54.8837
5.56015 54.7096
5.56023 54.7183
5.54467 55.0098
5.54471 55.0142
5.54837 54.9376
5.54842 54.943
5.55579 54.7934
5.55587 54.8009
5.58985 81.2265
5.59009 81.2452
5.60533 80.8034
5.60563 80.8265
5.63694 79.967
5.63737 79.9986
5.56452 81.9388
5.56466 81.9499
5.57332 81.6885
5.5735 81.7023
5.59113 81.1911
5.59138 81.2102
5.54713 82.4425
5.5472 82.4481
5.55146 82.3162
5.55154 82.3232
5.56015 82.0643
5.56027 82.0741
5.54467 82.5148
5.54473 82.5196
5.54837 82.4064
5.54844 82.4124
5.55579 82.1901
5.5559 82.1985
5.58985 108.302
5.59017 108.323
5.60533 107.738
5.60573 107.764
5.63694 106.623
5.63751 106.659
5.56452 109.252
5.56471 109.264
5.57332 108.918
5.57356 108.934
5.59113 108.255
5.59146 108.277
5.54713 109.923
5.54723 109.93
5.55146 109.755
5.55157 109.763
5.56015 109.419
5.56032 109.43
5.54467 110.02
5.54475 110.025
5.54837 109.875
5.54847 109.882
5.55579 109.587
5.55594 109.596
6.46563 31.1632
6.46573 31.187
6.48647 30.9761
6.48659 31.0056
6.52919 30.6072
6.52935 30.6475
6.43164 31.4786
6.43169 31.4927
6.44343 31.3677
6.4435 31.3853
6.46736 31.1475
6.46745 31.1718
6.40836 31.702
6.40839 31.7092
6.41414 31.646
6.41418 31.6549
6.42578 31.5343
6.42583 31.5467
6.40507 31.7341
6.4051 31.7403
6.41001 31.686
6.41004 31.6937
6.41995 31.5901
6.41999 31.6007
6.46563 62.3263
6.46582 62.3515
6.48647 61.9522
6.4867 61.9833
6.52919 61.2144
6.52952 61.2569
6.43164 62.9572
6.43174 62.9721
6.44343 62.7354
6.44357 62.7539
6.46736 62.295
6.46755 62.3206
6.40836 63.4041
6.40842 63.4116
6.41414 63.292
6.41421 63.3014
6.42578 63.0685
6.42587 63.0816
6.40507 63.4682
6.40512 63.4747
6.41001 63.372
6.41007 63.3801
6.41995 63.1801
6.42003 63.1914
6.46563 93.4895
6.46591 93.5168
6.48647 92.9284
6.48682 92.962
6.52919 91.8216
6.52968 91.8676
6.43164 94.4358
6.4318 94.452
6.44343 94.1031
6.44364 94.1232
6.46736 93.4426
6.46764 93.4704
6.40836 95.1061
6.40845 95.1143
6.41414 94.9379
6.41424 94.9482
6.42578 94.6028
6.42592 94.617
6.40507 95.2024
6.40514 95.2094
6.41001 95.058
6.4101 95.0668
6.41995 94.7702
6.42007 94.7824
6.46563 124.653
6.466 124.683
6.48647 123.904
6.48694 123.942
6.52919 122.429
6.52984 122.48
6.43164 125.914
6.43185 125.932
6.44343 125.471
6.4437 125.493
6.46736 124.59
6.46774 124.621
6.40836 126.808
6.40847 126.817
6.41414 126.584
6.41428 126.595
6.42578 126.137
6.42597 126.153
6.40507 126.936
6.40517 126.944
6.41001 126.744
6.41013 126.754
6.41995 126.36
6.42011 126.374
